308
389
398
722
886
1262
1269
1692
1826
1919
1920
1922
1931
1934
1936
2153
2155
2159
2160
2161
2163
2165
2166
2171
2172
2175
2320
2322
2325
2332
2557
2561
2562
2563
2636
2664
3069
857
2547
860
2321
2659
2323
2554
3083
2556
2661
1679
872
1287
1923
1924
1925
1926
2142
2331
2333
2150
2152
2154
2157
2564
884
1693
2565
2173
1938
2178
2180
2181
2359
420
1939
906
435
2182
2570
2368
1351
2389
463
1715
1719
2403
2404
2405
2406
2407
2408
2409
2678
2575
2679
2681
2417
2576
1727
2419
2420
2577
2685
2193
2686
2194
939
2195
2196
2687
2579
1732
2425
2201
1409
1952
2582
954
2427
958
2206
2585
2428
2209
2429
2430
1740
2587
2588
2213
1424
2218
540
2219
1752
2222
2434
2694
2228
2436
2697
980
1461
2598
2238
2242
2441
1784
2442
2445
2703
1796
995
1797
1494
2606
2706
1974
2453
2454
2708
2710
1977
2711
2608
620
2455
1981
1982
1985
627
1811
2610
1986
2612
2258
1814
1515
1816
2459
2614
2460
1026
2618
2463
1031
1033
1822
1824
2619
1041
2467
660
1047
2468
662
2469
2471
2624
2625
1065
675
2472
2473
2474
1831
2628
1834
2735
1840
1543
2633
2634
2756
1086
2276
2032
1093
1846
2035
2036
2277
2037
2637
1853
2040
1856
2282
1571
2785
1581
1582
1863
2809
726
1585
2810
1589
2491
2290
2492
1591
2051
2826
2493
2642
2831
1602
1603
1870
1871
2498
2499
2500
2843
2844
2858
2880
2881
1127
1131
1137
738
2891
2892
2893
2899
2907
2910
2912
2913
2914
2509
2510
2511
2948
192
1883
2959
1628
1885
208
1633
1634
2648
2060
2987
2998
787
242
1893
1894
2651
3005
1895
1896
2522
2653
251
1902
1640
811
2655
2304
2526
2305
2068
1644
2306
3027
274
822
1908
290
1649
2310
2311
2312
2313
2531
1650
3044
847
1655
1915
1659
1916
850
851
3062
